1017944
325042
373045
417703
43711
74398
96795
107323
109500
120898
120902
120931
122580
130706
137111
147866
147875
147942
147953
148123
151900
154377
162457
162459
163473
167253
169598
169600
180274
187849
188355
191942
192537
193860
193886
198052
198056
202308
218854
148737
159779
163921
174335
174779
175017
180269
187847
188931
193894
196978
196979
202251
208947
218846
221848
222449
231024
231029
231030
231035
232852
249202
254982
276351
293607
293985
310124
322253
323162
325780
344767
363901
365090
374333
392210
393745
393748
420688
422143
430763
471808
525544
529856
537458
537459
550004
560308